1   0   319
1   30  311
2   0   305
2   30  300
3   0   297
3   30  296
4   0   297
4   30  299
5   0   304
5   30  309
6   0   315
6   30  321
7   0   326
7   30  331
8   0   334
8   30  336
9   0   335
9   30  334
10  0   330
10  30  326
11  0   321

12  0   313
12  30  309
13  0   306
13  30  304
14  0   303
14  30  304
15  0   305
15  30  307
16  0   309
16  30  312
17  0   316
17  30  320
18  0   323
18  30  325
19  0   326
19  30  327
20  0   327
20  30  326

21  30  321
22  0   318
22  30  315
23  0   312
23  30  310
24  0   307
24  30  306
25  0   306
25  30  308
26  0   309
26  30  311
27  0   313
27  30  315
28  0   317
28  30  319
29  0   321
29  30  322
30  0   322
30  30  321


