1   0   239
1   30  246
2   0   256
2   30  266
3   0   327
3   30  287
4   0   297
4   30  302
5   0   307
5   30  308
6   0   306
6   30  302
7   0   295
7   30  287
8   0   277
8   30  269
9   0   261
9   30  254
10  0   249
10  30  246
11  0   245
11  30  247
12  0   251
12  30  257
13  0   263
13  30  269
14  0   277
14  30  283
15  0   288
15  30  292
16  0   294
16  30  294
17  0   293
17  30  291
18  0   286
18  30  281
19  0   276
19  30  271
20  0   267
20  30  263
21  00  260
21  30  259
22  0   259
22  30  261
23  0   264
23  30  268
24  0   272
24  30  276
25  0   281
25  30  284
26  0   286
26  30  287
27  0   287
27  30  285
28  0   281
28  30  277
29  0   273
29  30  268
30  0   264
30  30  260